100503
100607
101300
101510
102066
10211
102305
102484
102513
102560
102619
102788
103242
103332
103495
103565
103811
104900
105134
105181
105212
105213
105386
105764
105986
106161
106396
106818
107161
10783
107849
107873
108470
108476
109533
109656
109928
110368
110447
11072
11177
112519
113394
113838
113945
11413
114180
114494
115312
115839
115914
116558
116659
11690
116962
117073
117133
117677
117735
118552
119450
120304
120771
120811
12097
121043
12139
122529
122778
123092
123422
124053
125998
12657
127548
127555
127614
128101
128358
12871
129069
129391
12984
129934
130295
130637
130868
131294
132443
132494
132778
13320
133279
13360
133899
134165
135491
135503
13559
135763
135921
137984
138290
138962
139250
139608
139685
141273
142243
142306
142983
143092
143474
144416
146341
146587
148302
149355
149472
150191
151146
151608
152928
153185
153337
153710
153853
155782
15629
156697
157521
157873
159189
15981
159995
16120
161271
161557
161927
162209
16284
166415
167970
168303
168477
169425
169932
16997
17132
17487
175503
17552
17582
17587
176055
17749
178949
17967
180260
18035
18088
18122
182100
18218
183900
18421
184260
18494
18498
18532
185743
18657
18812
188404
18874
189011
191667
19253
19268
19327
193315
19431
195171
19655
196974
19706
19719
197609
197748
19803
198876
198893
200107
201455
201776
206465
208016
208199
20846
208872
21102
21159
211819
21271
213083
21378
21404
215231
216228
216335
21763
22089
22197
224541
22488
226372
22682
22702
227271
227283
227635
22962
23049
23401
237390
23837
24260
242902
24317
24403
244097
24660
24920
25183
25371
25373
25383
25386
25394
254096
25532
25577
25580
25807
25827
25881
25891
25990
26019
261123
26129
261332
26135
26492
26578
26649
26667
26778
26808
27247
272815
27530
27532
27538
27598
27701
27858
27931
28136
28177
28189
28234
28398
28408
28465
28509
28864
289021
29306
30034
30179
30672
31342
31479
32117
332577
33609
33764
34193
34842
36097
361847
36682
36841
36853
36868
37680
38199
38373
38558
39164
39291
40640
40724
41465
42405
42413
42669
43199
43256
43956
44023
44803
44945
45238
45586
46114
46310
46406
47214
47285
47286
47325
47859
48007
48903
49162
49646
49780
49968
49975
49983
50859
50884
50934
51010
51077
51395
51621
52458
52552
52832
52920
52995
5367
54040
54122
54260
54817
54857
54871
55026
55129
55153
55320
55428
55639
55669
55673
55684
55754
55815
55825
55842
56374
56417
56448
56569
56576
56749
56820
57255
57473
57736
58136
58247
58257
58390
58883
58902
58958
59051
59233
59489
59500
59689
59701
59792
59801
59816
59932
60059
60538
60625
60855
60868
60890
60952
61640
61722
62036
62111
62217
62294
62714
6326
63510
63627
64078
6489
65229
65351
65353
65462
65855
66029
66030
66357
67625
67746
67927
68063
68140
68977
69073
69207
70063
70339
70538
70789
71513
71554
71639
71672
71682
72555
72585
72595
72662
72786
73643
73761
74379
74734
7502
75144
75176
7563
75673
75692
75974
75992
7659
77442
7759
77995
78033
78376
78915
79246
79462
80231
80237
80848
8089
81109
81126
81269
81286
81545
81763
82304
82519
82525
84036
84136
84176
84400
84739
85017
85026
85093
85497
85750
86137
86204
86384
86460
86622
8668
86723
87167
87208
87258
87479
88569
88874
88994
89013
89183
8928
89630
89657
89998
90307
90393
91428
91455
9146
91752
91758
9180
91988
92580
92718
93681
93751
93826
93895
94192
9424
94458
94603
95147
95211
95294
95566
95649
95916
96018
96042
96383
97158
97491
97862
98066
98258
98270
98295
98313
99396
99402
99404
99631
99951
99954
99956
99975
99998
